631

261 80 78 42 38
122 108 204 39 1
75 270 28 1
71 215 216 87 26
28 30 29 125 7
72 90 16 19 89 22
70 139 141 120 41
70 155 152 58 5
221 140 86 83 129 15
70 278 280 46 22
126 158 195 115 33
222 251 21 41
21 23 88 107 22
220 244 242 65 35
167 31 1 26
0 9 8 134 46
144 145 63 19
196 130 45 29
126 186 31 4
97 98 26 47
171 173 60 39
230 67 32
25 11 13 109 11
200 252 251 253 110 12
262 286 18 24
32 100 3
73 133 108 7
125 178 10 16
121 182 181 179 62 28
127 213 2 28
238 199 24 9
217 32 30
122 146 86 43
221 87 27 28
5 160 4 49
222 136 51 53 99 7
235 225 102 25
262 284 283 117 48
6 205 15 34
261 47 48 23 7
6 9 7 104 14
4 44 54 13
232 6 24
21 23 97 8
126 158 29 1
122 108 174 38 27
75 68 77 1
126 131 105 18
75 33 3
166 170 8 45
220 240 85 42
196 194 133 20
3 41 12 3
261 47 65 71 21
122 91 44 50
72 104 103 79 20
121 182 180 19 14
70 139 56 6
127 175 35 3
72 90 93 13
21 233 153 130 7
72 99 40 36
70 278 277 285 70 28
235 236 239 88 20
210 283 284 37 28
73 107 105 113 18
25 26 50 7
221 147 72 38
5 60 272 5 3
176 0 31
77 61 31
261 16 74 39
21 20 123 29
2 135 14 1
221 140 96 17
3 299 22 8
96 127 20
2 227 229 49 11
196 246 69 10
1 18 16 248 47 1
221 287 90 17
5 10 116 18
2 161 3 42
210 198 95 44
201 241 78 46
209 110 83 36
218 48 6
238 236 114 40
92 81 13
127 271 16 3
263 15 7 9
0 59 41 33
6 192 75 45
5 60 13 46
6 279 51 34
221 113 59 28
2 250 30 9
123 109 121 38
25 184 181 124 28
6 69 76 19
79 25 12
1 118 119 22
73 227 103 27
0 12 64 43
28 137 131 7
263 296 11 9
71 157 36 18
122 108 34 4
126 187 106 39
38 37 36 82 11
74 117 9 43
85 66 5
196 92 128
142 20 4
263 252 132 2
2 226 17 21
209 247 249 101 2
221 111 94 8
167 165 128 24
82 57 121
0 112 112 26
144 39 118 29
25 84 116
21 264 52 43
121 134 91 20
167 98 160
38 43 67
171 126 172
291 111 34
95 68 50
292 55 129
238 73 107
144 80 217
28 53 160
210 122 235
79 78 42 6
200 202 204 39 12
200 269 272 270 28 6
201 214 216 87 7
262 257 258 256 29 125 16
1 18 19 89 39
142 141 120 7
222 154 152 58 27
261 84 83 129 3
223 276 280 46 2
196 195 115 4
74 67 252 251 21 8
0 89 88 107 2
166 242 65 4
32 31 1 13
6 9 8 134 3
121 143 145 63 10
200 249 248 131 130 45 2
92 93 186 31 1
96 98 26 23
70 172 173 60 19
230 67 1
14 12 13 109 8
260 253 110 21
32 100 18
70 254 255 133 108 22
25 184 179 62 2
73 212 213 2 8
217 32 28
293 42 148 146 86 7
218 87 27 5
6 162 160 4 5
4 53 99 30
220 224 225 102 33
124 277 285 283 117 17
96 205 15 18
4 48 23 20
4 7 104 22
261 43 44 54 19
232 6 25
4 23 97 24
124 158 29 43
171 174 38 43
74 67 68 77 20
200 249 248 131 105 11
75 33 26
168 170 8 6
222 136 240 85 4
85 194 133 9
127 39 41 12 15
71 65 71 28
74 90 91 44 1
166 103 79 50
293 182 180 19 6
74 119 139 56 13
171 175 35 41
74 90 93 29
127 153 130 30
168 165 99 40 7
2 285 70 4
70 254 236 239 88 18
260 237 284 37 1
222 105 113 34
25 27 26 50 23
4 147 72 17
5 259 269 272 5 25
176 0 44
77 61 44
1 18 16 74 5
123 20 123 30
97 135 14 3
121 140 96 19
25 297 299 22 8
96 127 5
220 231 228 229 49 20
6 246 69 44
70 249 248 47 24
262 287 90 9
0 10 116 4
124 161 3 49
197 198 95 26
5 241 78 31
260 110 83 33
218 48 15
70 254 236 114 4
92 81 45
201 226 271 16 7
14 12 15 7 14
263 297 59 41 4
167 192 75 37
74 60 13 8
166 279 51 26
71 113 59 12
124 250 30 32
222 136 51 109 121 5
222 180 181 124 5
171 172 69 76 28
79 25 5
232 227 103 2
14 12 64 3
5 137 131 30
4 296 11 41
123 157 36 34
70 108 34 21
121 37 36 82 10
201 117 9 36
85 66 9
142 20 5
223 252 132 40
220 226 17 3
70 249 101 18
74 111 94 40
168 165 128 25
261 112 112 45
127 39 118 21
260 264 52 27
124 134 91 7
291 111 15
95 68 11
144 202 204 39 12
125 272 270 28 1
201 256 29 125 10
201 16 19 89 11
201 16 19 154 152 58 4
82 83 129 37
124 277 280 46 12
38 36 37 50 242 65 7
2 33 30 31 1 18
222 8 134 7
260 143 145 63 8
92 93 186 31 2
96 98 26 24
176 173 60 2
230 67 2
14 13 109 41
221 184 185 69 67 252 251 253 110 1
32 100 30
72 255 133 108 2
14 179 62 35
120 114 155 213 2 8
217 32 18
260 110 42 148 146 86 2
0 89 87 27 7
167 163 160 4 10
221 128 129 53 99 19
74 60 225 102 8
96 205 15 4
261 47 49 48 23 21
232 6 7
123 214 23 97 48
261 43 46 45 158 29 6
201 174 38 7
127 68 77 28
221 248 131 105 31
75 33 4
127 194 133 12
124 64 65 71 36
222 66 91 44 25
235 239 103 79 12
262 182 180 19 13
121 140 139 56 17
201 16 90 93 22
292 153 130 24
4 285 70 47
260 237 239 88 2
28 284 37 13
5 105 113 10
1 26 50 31
125 272 5 4
176 0 1
77 61 42
201 16 74 11
124 134 135 14 2
263 297 299 22 8
96 127 15
3 229 49 41
221 245 246 69 26
221 248 47 16
71 80 287 90 25
293 10 116 31
124 10 161 3 11
238 199 198 95 7
127 244 241 78 8
218 48 20
74 254 236 114 1
92 81 34
260 271 16 29
292 15 7 5
71 192 75 49
223 279 51 24
73 212 113 59 1
207 247 250 30 18
261 51 109 121 16
122 181 124 25
21 185 69 76 38
79 25 20
0 281 227 103 2
221 273 274 12 64 31
6 137 131 8
263 295 296 11 23
144 157 36 17
201 174 108 34 23
38 36 82 12
72 117 9 8
85 66 9
142 20 3
72 69 67 252 132 15
127 244 241 226 17 5
200 247 249 101 13
125 177 111 94 15
73 165 128 17
238 112 112 4
223 39 118 36
3 264 52 16
291 111 9
95 68 8
196 62 271 270 28 4
2 33 30 29 125 12
21 156 154 152 58 8
262 277 280 46 17
4 50 242 65 13
2 275 98 26 5
122 69 172 173 60 27
230 67 7
21 156 13 109 6
32 100 4
223 255 133 108 11
197 184 179 62 22
21 156 154 155 213 2 10
217 32 1
121 298 146 86 31
218 87 27 28
235 35 160 4 14
71 129 53 99 9
0 49 48 23 6
232 6 13
123 20 23 97 3
74 46 45 158 29 1
235 35 160 163 68 77 8
71 129 131 105 9
75 33 18
222 66 65 71 12
92 91 44 19
222 103 79 21
197 184 180 19 5
222 139 56 12
82 84 90 93 12
21 156 153 130 17
74 60 225 285 70 6
238 239 88 17
223 259 283 284 37 7
176 0 16
77 61 4
14 18 16 74 3
5 134 135 14 18
96 127 2
260 143 229 49 3
144 143 246 69 6
3 264 248 47 21
6 290 287 90 37
124 10 116 23
25 198 95 3
218 48 13
260 237 236 114 12
92 81 9
196 62 271 16 15
14 15 7 29
127 189 192 75 22
1 249 247 250 30 15
176 109 121 7
262 182 183 180 181 124 2
263 295 296 172 69 76 1
79 25 3
262 281 227 103 44
14 15 12 64 12
235 137 131 41
21 117 9 32
85 66 36
142 20 25
72 89 67 252 132 3
125 272 271 226 17 2
1 249 101 22
238 112 111 94 15
166 165 128 31
3 39 118 41
291 111 1
95 68 4
1 24 29 125 25
123 155 152 58 11
223 276 277 280 46 1
171 175 173 60 5
230 67 18
25 11 15 13 109 4
72 89 67 252 251 253 110 9
32 100 3
71 129 133 108 7
217 32 1
263 297 298 146 86 14
72 89 87 27 1
201 51 52 53 99 5
232 6 18
262 12 214 23 97 2
72 101 46 45 158 29 4
82 35 160 163 68 77 9
223 276 277 131 105 2
75 33 1
124 64 66 65 71 5
0 49 48 91 44 13
126 181 180 19 11
142 141 139 56 2
126 84 90 93 1
127 244 152 153 130 3
222 103 239 88 21
74 60 225 285 283 284 37 1
176 0 6
77 61 11
85 17 16 74 2
4 7 135 14 3
96 127 29
85 231 229 49 20
1 249 246 69 5
73 107 290 287 90 1
74 115 10 116 31
38 198 95 10
218 48 17
171 236 114 42
92 81 1
166 165 99 271 16 3
73 264 248 250 30 5
73 212 113 109 121 20
126 181 124 11
261 43 296 172 69 76 5
79 25 12
85 231 229 227 103 13
262 12 64 3
85 66 33
142 20 2
74 115 116 226 17 15
122 177 111 94 22
196 62 47 39 118 5
291 111 6
95 68 5
14 56 33 29 125 15
127 244 152 58 19
261 43 296 172 173 60 1
230 67 10
70 237 236 252 251 253 110 10
32 100 7
217 32 12
4 147 146 86 11
210 89 87 27 38
232 6 4
196 195 158 29 19
14 18 160 163 68 77 2
71 129 130 131 105 4
75 33 11
144 64 66 65 71 11
92 91 44 4
21 185 180 19 6
142 141 139 56 13
2 275 84 90 93 12
120 56 239 88 5
120 132 285 283 284 37 12
176 0 13
77 61 1
196 62 47 39 135 14 12
96 127 16
5 66 65 231 229 49 6
14 11 249 246 69 4
201 288 287 90 12
218 48 22
70 237 236 114 13
92 81 12
125 272 269 271 16 9
120 56 40 250 30 6
176 109 121 12
6 208 180 181 124 4
262 257 219 154 153 233 227 103 3
85 66 8
142 20 10
97 116 226 17 2
235 137 111 94 4
291 111 15
95 68 12
223 56 33 29 125 19
124 156 152 58 19
263 297 299 173 60 2
230 67 1
32 100 6
217 32 8
232 6 15
1 118 277 131 159 158 29 4
210 89 67 68 77 3
1 118 277 131 105 1
75 33 9
196 62 65 71 9
6 208 180 19 24
142 141 139 56 6
144 157 84 90 93 6
120 132 285 284 37 2
176 0 4
222 136 240 135 14 3
96 127 5
201 106 145 143 229 49 8
126 289 287 90 13
218 48 3
235 237 236 114 8
92 81 4
123 274 269 271 16 14
223 56 40 250 30 13
144 202 204 108 109 121 1
197 184 179 181 124 15
124 156 154 153 233 227 103 3
85 66 17
142 20 12
120 114 116 226 17 9
200 54 111 94 36
291 111 4
95 68 12
230 67 4
32 100 14
217 32 4
232 6 6
85 194 195 158 29 1
262 12 236 252 163 68 77 4
126 128 131 105 5
75 33 1
122 150 65 71 1
142 139 56 8
261 275 84 90 93 2
263 58 60 225 285 284 37 12
176 0 9
201 106 7 135 14 7
96 127 1
123 34 107 290 287 90 4
218 48 2
262 12 236 114 16
92 81 2
201 256 259 269 271 16 8
125 102 247 248 250 30 5
263 297 299 42 110 109 121 5
223 279 181 124 8
85 66 10
142 20 14
71 80 111 94 9
291 111 7
95 68 7
230 67 4
32 100 6
120 128 131 105 10
123 47 62 65 71 10
121 106 7 135 119 139 56 2
4 147 148 91 90 93 1
176 0 1
121 106 7 135 14 1
96 127 1
73 104 287 90 4
5 134 15 12 236 114 2
92 81 1
125 102 247 249 250 30 6
123 47 39 42 110 109 121 1
220 137 111 94 13
32 100 4
92 90 93 16
176 0 4
96 127 3
5 134 15 11 12 236 114 6
92 81 2
120 128 131 248 250 30 7
71 81 20 112 109 121 2
123 47 39 42 110 111 94 10
4 147 146 93 90 93 4
96 127 5
120 128 40 56 239 236 114 14
92 81 4
0 49 47 39 42 110 111 94 5
176 0 1
92 81 9
201 51 54 111 94 12
92 81 9
73 104 287 80 111 94 6
176 0 25
232 6 99
142 20 6
79 25 2
217 32 19
75 33 14
218 48 67
77 61 9
85 66 57
230 67 12
95 68 6
92 81 8
32 100 28
291 111 24
96 127 19

